
60.913
60.156
59.409
58.671
57.943
57.224
56.515
55.815
55.125
54.444
53.773
53.110
52.457
51.814
51.179
50.554
49.937
49.330
48.732
48.142
47.562
46.990
46.427
45.873
45.328
44.791
44.262
43.742
43.230
42.727
42.231
41.744
41.265
40.794
40.331
39.876
39.428
38.988
38.556
38.131
37.713
37.303
36.901
36.505
36.117
35.735
35.361
34.993
34.633
34.279
33.931
33.591
33.257
32.929
32.607
32.292
31.984
31.681
31.384
31.094
30.809
30.530
30.257
29.989
29.728
29.472
29.221
28.976
28.736
28.502
28.273
28.049
27.830
27.616
27.408
27.204
27.005
26.811
26.622
26.438
26.258
26.083
25.912
25.747
25.585
25.428
25.276
25.128
24.984
24.844
24.709
24.578
24.451
24.328
24.210
24.095
23.984
23.878
23.775
23.676
23.581
23.490
23.403
23.320
23.240
23.164
23.092
23.024
22.959
22.898
22.841
22.787
22.737
22.690
22.647
22.608
22.572
22.540
22.511
22.486
22.465
22.447
22.432
22.421
22.413
22.409
22.409
22.412
22.418
22.428
22.441
22.458
22.479
22.503
22.530
22.561
22.596
22.634
22.676
22.721
22.770
22.823
22.879
22.939
23.002
23.069
23.140
23.215
23.293
23.375
23.461
23.551
23.645
23.742
23.844
23.949
24.058
24.172
24.289
24.410