
5.000
4.975
4.950
4.925
4.900
4.875
4.850
4.825
4.800
4.775
4.751
4.726
4.701
4.676
4.652
4.627
4.603
4.578
4.554
4.529
4.505
4.481
4.457
4.433
4.409
4.385
4.361
4.338
4.314
4.291
4.267
4.244
4.221
4.198
4.175
4.153
4.130
4.108
4.085
4.063
4.041
4.019
3.998
3.976
3.955
3.933
3.912
3.891
3.871
3.850
3.830
3.810
3.790
3.770
3.750
3.731
3.712
3.693
3.674
3.655
3.637
3.619
3.601
3.583
3.565
3.548
3.531
3.514
3.497
3.481
3.465
3.449
3.433
3.418
3.403
3.388
3.373
3.359
3.345
3.331
3.317
3.304
3.291
3.278
3.265
3.253
3.241
3.229
3.218
3.206
3.195
3.185
3.174
3.164
3.155
3.145
3.136
3.127
3.118
3.110
3.102
3.094
3.087
3.080
3.073
3.066
3.060
3.054
3.049
3.043
3.038
3.034
3.029
3.025
3.021
3.018
3.015
3.012
3.009
3.007
3.005
3.003
3.002
3.001
3.000
3.000
3.000
3.000
3.001
3.002
3.003
3.004
3.006
3.008
3.011
3.014
3.017
3.020
3.024
3.028
3.032
3.037
3.042
3.047
3.052
3.058
3.064
3.071
3.077
3.084
3.092
3.099
3.107
3.116
3.124
3.133
3.142
3.151
3.161
3.171