
0.000
0.013
0.025
0.038
0.050
0.062
0.075
0.088
0.100
0.113
0.125
0.138
0.150
0.163
0.175
0.188
0.200
0.213
0.225
0.238
0.250
0.263
0.275
0.288
0.300
0.312
0.325
0.338
0.350
0.363
0.375
0.388
0.400
0.413
0.425
0.438
0.450
0.463
0.475
0.488
0.500
0.513
0.525
0.537
0.550
0.562
0.575
0.588
0.600
0.613
0.625
0.638
0.650
0.663
0.675
0.688
0.700
0.713
0.725
0.738
0.750
0.763
0.775
0.788
0.800
0.812
0.825
0.838
0.850
0.863
0.875
0.888
0.900
0.913
0.925
0.938
0.950
0.963
0.975
0.988
1.000
1.012
1.025
1.038
1.050
1.062
1.075
1.088
1.100
1.113
1.125
1.137
1.150
1.163
1.175
1.188
1.200
1.213
1.225
1.238
1.250
1.263
1.275
1.288
1.300
1.312
1.325
1.338
1.350
1.363
1.375
1.388
1.400
1.413
1.425
1.438
1.450
1.463
1.475
1.488
1.500
1.513
1.525
1.538
1.550
1.562
1.575
1.588
1.600
1.613
1.625
1.638
1.650
1.663
1.675
1.688
1.700
1.713
1.725
1.738
1.750
1.763
1.775
1.788
1.800
1.812
1.825
1.838
1.850
1.863
1.875
1.888
1.900
1.913
1.925
1.938
1.950
1.963
1.975
1.988